
Insert: 6  33  71  3  78  95  34  41  59  39  10  37  19  75  45  43  60  72  93  53  74  86  89  17  20  68  80  70  96  29  46  63  85  13  97  44  15  84  18  36  27  99  4  52  82  67  61  90  47  21  7  49  5  73  22  12  58  2  51  11  55  94  76  48  24  92  62  40  9  88  57  65  23  54  42  14  30  87  2	3	4	5	6	7	9	10	11	12	13	14	15	17	18	19	20	21	22	23	24	27	29	30	33	34	36	37	39	40	41	42	43	44	45	46	47	48	49	51	52	53	54	55	57	58	59	60	61	62	63	65	67	68	70	71	72	73	74	75	76	78	80	82	84	85	86	87	88	89	90	92	93	94	95	96	97	99	
Tree height: 8

Delete: 73
2	3	4	5	6	7	9	10	11	12	13	14	15	17	18	19	20	21	22	23	24	27	29	30	33	34	36	37	39	40	41	42	43	44	45	46	47	48	49	51	52	53	54	55	57	58	59	60	61	62	63	65	67	68	70	71	72	74	75	76	78	80	82	84	85	86	87	88	89	90	92	93	94	95	96	97	99	
Delete: 65
2	3	4	5	6	7	9	10	11	12	13	14	15	17	18	19	20	21	22	23	24	27	29	30	33	34	36	37	39	40	41	42	43	44	45	46	47	48	49	51	52	53	54	55	57	58	59	60	61	62	63	67	68	70	71	72	74	75	76	78	80	82	84	85	86	87	88	89	90	92	93	94	95	96	97	99	
Delete: 67
2	3	4	5	6	7	9	10	11	12	13	14	15	17	18	19	20	21	22	23	24	27	29	30	33	34	36	37	39	40	41	42	43	44	45	46	47	48	49	51	52	53	54	55	57	58	59	60	61	62	63	68	70	71	72	74	75	76	78	80	82	84	85	86	87	88	89	90	92	93	94	95	96	97	99	
Delete: 62
2	3	4	5	6	7	9	10	11	12	13	14	15	17	18	19	20	21	22	23	24	27	29	30	33	34	36	37	39	40	41	42	43	44	45	46	47	48	49	51	52	53	54	55	57	58	59	60	61	63	68	70	71	72	74	75	76	78	80	82	84	85	86	87	88	89	90	92	93	94	95	96	97	99	
Delete: 97
2	3	4	5	6	7	9	10	11	12	13	14	15	17	18	19	20	21	22	23	24	27	29	30	33	34	36	37	39	40	41	42	43	44	45	46	47	48	49	51	52	53	54	55	57	58	59	60	61	63	68	70	71	72	74	75	76	78	80	82	84	85	86	87	88	89	90	92	93	94	95	96	99	
Delete: 10
2	3	4	5	6	7	9	11	12	13	14	15	17	18	19	20	21	22	23	24	27	29	30	33	34	36	37	39	40	41	42	43	44	45	46	47	48	49	51	52	53	54	55	57	58	59	60	61	63	68	70	71	72	74	75	76	78	80	82	84	85	86	87	88	89	90	92	93	94	95	96	99	
Delete: 22
2	3	4	5	6	7	9	11	12	13	14	15	17	18	19	20	21	23	24	27	29	30	33	34	36	37	39	40	41	42	43	44	45	46	47	48	49	51	52	53	54	55	57	58	59	60	61	63	68	70	71	72	74	75	76	78	80	82	84	85	86	87	88	89	90	92	93	94	95	96	99	
Delete: 94
2	3	4	5	6	7	9	11	12	13	14	15	17	18	19	20	21	23	24	27	29	30	33	34	36	37	39	40	41	42	43	44	45	46	47	48	49	51	52	53	54	55	57	58	59	60	61	63	68	70	71	72	74	75	76	78	80	82	84	85	86	87	88	89	90	92	93	95	96	99	
Delete: 37
2	3	4	5	6	7	9	11	12	13	14	15	17	18	19	20	21	23	24	27	29	30	33	34	36	39	40	41	42	43	44	45	46	47	48	49	51	52	53	54	55	57	58	59	60	61	63	68	70	71	72	74	75	76	78	80	82	84	85	86	87	88	89	90	92	93	95	96	99	
Delete: 75
2	3	4	5	6	7	9	11	12	13	14	15	17	18	19	20	21	23	24	27	29	30	33	34	36	39	40	41	42	43	44	45	46	47	48	49	51	52	53	54	55	57	58	59	60	61	63	68	70	71	72	74	76	78	80	82	84	85	86	87	88	89	90	92	93	95	96	99	
Delete: 5
2	3	4	6	7	9	11	12	13	14	15	17	18	19	20	21	23	24	27	29	30	33	34	36	39	40	41	42	43	44	45	46	47	48	49	51	52	53	54	55	57	58	59	60	61	63	68	70	71	72	74	76	78	80	82	84	85	86	87	88	89	90	92	93	95	96	99	
Delete: 40
2	3	4	6	7	9	11	12	13	14	15	17	18	19	20	21	23	24	27	29	30	33	34	36	39	41	42	43	44	45	46	47	48	49	51	52	53	54	55	57	58	59	60	61	63	68	70	71	72	74	76	78	80	82	84	85	86	87	88	89	90	92	93	95	96	99	
Delete: 93
2	3	4	6	7	9	11	12	13	14	15	17	18	19	20	21	23	24	27	29	30	33	34	36	39	41	42	43	44	45	46	47	48	49	51	52	53	54	55	57	58	59	60	61	63	68	70	71	72	74	76	78	80	82	84	85	86	87	88	89	90	92	95	96	99	
Delete: 86
2	3	4	6	7	9	11	12	13	14	15	17	18	19	20	21	23	24	27	29	30	33	34	36	39	41	42	43	44	45	46	47	48	49	51	52	53	54	55	57	58	59	60	61	63	68	70	71	72	74	76	78	80	82	84	85	87	88	89	90	92	95	96	99	
Delete: 29
2	3	4	6	7	9	11	12	13	14	15	17	18	19	20	21	23	24	27	30	33	34	36	39	41	42	43	44	45	46	47	48	49	51	52	53	54	55	57	58	59	60	61	63	68	70	71	72	74	76	78	80	82	84	85	87	88	89	90	92	95	96	99	
Delete: 12
2	3	4	6	7	9	11	13	14	15	17	18	19	20	21	23	24	27	30	33	34	36	39	41	42	43	44	45	46	47	48	49	51	52	53	54	55	57	58	59	60	61	63	68	70	71	72	74	76	78	80	82	84	85	87	88	89	90	92	95	96	99	
Delete: 18
2	3	4	6	7	9	11	13	14	15	17	19	20	21	23	24	27	30	33	34	36	39	41	42	43	44	45	46	47	48	49	51	52	53	54	55	57	58	59	60	61	63	68	70	71	72	74	76	78	80	82	84	85	87	88	89	90	92	95	96	99	
Delete: 71
2	3	4	6	7	9	11	13	14	15	17	19	20	21	23	24	27	30	33	34	36	39	41	42	43	44	45	46	47	48	49	51	52	53	54	55	57	58	59	60	61	63	68	70	72	74	76	78	80	82	84	85	87	88	89	90	92	95	96	99	
Delete: 48
2	3	4	6	7	9	11	13	14	15	17	19	20	21	23	24	27	30	33	34	36	39	41	42	43	44	45	46	47	49	51	52	53	54	55	57	58	59	60	61	63	68	70	72	74	76	78	80	82	84	85	87	88	89	90	92	95	96	99	
Delete: 76
2	3	4	6	7	9	11	13	14	15	17	19	20	21	23	24	27	30	33	34	36	39	41	42	43	44	45	46	47	49	51	52	53	54	55	57	58	59	60	61	63	68	70	72	74	78	80	82	84	85	87	88	89	90	92	95	96	99	
Delete: 9
2	3	4	6	7	11	13	14	15	17	19	20	21	23	24	27	30	33	34	36	39	41	42	43	44	45	46	47	49	51	52	53	54	55	57	58	59	60	61	63	68	70	72	74	78	80	82	84	85	87	88	89	90	92	95	96	99	
Delete: 61
2	3	4	6	7	11	13	14	15	17	19	20	21	23	24	27	30	33	34	36	39	41	42	43	44	45	46	47	49	51	52	53	54	55	57	58	59	60	63	68	70	72	74	78	80	82	84	85	87	88	89	90	92	95	96	99	
Delete: 84
2	3	4	6	7	11	13	14	15	17	19	20	21	23	24	27	30	33	34	36	39	41	42	43	44	45	46	47	49	51	52	53	54	55	57	58	59	60	63	68	70	72	74	78	80	82	85	87	88	89	90	92	95	96	99	
Delete: 99
2	3	4	6	7	11	13	14	15	17	19	20	21	23	24	27	30	33	34	36	39	41	42	43	44	45	46	47	49	51	52	53	54	55	57	58	59	60	63	68	70	72	74	78	80	82	85	87	88	89	90	92	95	96	
Delete: 85
2	3	4	6	7	11	13	14	15	17	19	20	21	23	24	27	30	33	34	36	39	41	42	43	44	45	46	47	49	51	52	53	54	55	57	58	59	60	63	68	70	72	74	78	80	82	87	88	89	90	92	95	96	
Delete: 58
2	3	4	6	7	11	13	14	15	17	19	20	21	23	24	27	30	33	34	36	39	41	42	43	44	45	46	47	49	51	52	53	54	55	57	59	60	63	68	70	72	74	78	80	82	87	88	89	90	92	95	96	
Delete: 60
2	3	4	6	7	11	13	14	15	17	19	20	21	23	24	27	30	33	34	36	39	41	42	43	44	45	46	47	49	51	52	53	54	55	57	59	63	68	70	72	74	78	80	82	87	88	89	90	92	95	96	
Delete: 95
2	3	4	6	7	11	13	14	15	17	19	20	21	23	24	27	30	33	34	36	39	41	42	43	44	45	46	47	49	51	52	53	54	55	57	59	63	68	70	72	74	78	80	82	87	88	89	90	92	96	
Delete: 88
2	3	4	6	7	11	13	14	15	17	19	20	21	23	24	27	30	33	34	36	39	41	42	43	44	45	46	47	49	51	52	53	54	55	57	59	63	68	70	72	74	78	80	82	87	89	90	92	96	
Delete: 87
2	3	4	6	7	11	13	14	15	17	19	20	21	23	24	27	30	33	34	36	39	41	42	43	44	45	46	47	49	51	52	53	54	55	57	59	63	68	70	72	74	78	80	82	89	90	92	96	
Delete: 59
2	3	4	6	7	11	13	14	15	17	19	20	21	23	24	27	30	33	34	36	39	41	42	43	44	45	46	47	49	51	52	53	54	55	57	63	68	70	72	74	78	80	82	89	90	92	96	
Delete: 23
2	3	4	6	7	11	13	14	15	17	19	20	21	24	27	30	33	34	36	39	41	42	43	44	45	46	47	49	51	52	53	54	55	57	63	68	70	72	74	78	80	82	89	90	92	96	
Delete: 54
2	3	4	6	7	11	13	14	15	17	19	20	21	24	27	30	33	34	36	39	41	42	43	44	45	46	47	49	51	52	53	55	57	63	68	70	72	74	78	80	82	89	90	92	96	
Delete: 13
2	3	4	6	7	11	14	15	17	19	20	21	24	27	30	33	34	36	39	41	42	43	44	45	46	47	49	51	52	53	55	57	63	68	70	72	74	78	80	82	89	90	92	96	
Delete: 68
2	3	4	6	7	11	14	15	17	19	20	21	24	27	30	33	34	36	39	41	42	43	44	45	46	47	49	51	52	53	55	57	63	70	72	74	78	80	82	89	90	92	96	
Delete: 90
2	3	4	6	7	11	14	15	17	19	20	21	24	27	30	33	34	36	39	41	42	43	44	45	46	47	49	51	52	53	55	57	63	70	72	74	78	80	82	89	92	96	
Delete: 17
2	3	4	6	7	11	14	15	19	20	21	24	27	30	33	34	36	39	41	42	43	44	45	46	47	49	51	52	53	55	57	63	70	72	74	78	80	82	89	92	96	
Delete: 70
2	3	4	6	7	11	14	15	19	20	21	24	27	30	33	34	36	39	41	42	43	44	45	46	47	49	51	52	53	55	57	63	72	74	78	80	82	89	92	96	
Delete: 46
2	3	4	6	7	11	14	15	19	20	21	24	27	30	33	34	36	39	41	42	43	44	45	47	49	51	52	53	55	57	63	72	74	78	80	82	89	92	96	
Delete: 11
2	3	4	6	7	14	15	19	20	21	24	27	30	33	34	36	39	41	42	43	44	45	47	49	51	52	53	55	57	63	72	74	78	80	82	89	92	96	
Delete: 39
2	3	4	6	7	14	15	19	20	21	24	27	30	33	34	36	41	42	43	44	45	47	49	51	52	53	55	57	63	72	74	78	80	82	89	92	96	
Delete: 7
2	3	4	6	14	15	19	20	21	24	27	30	33	34	36	41	42	43	44	45	47	49	51	52	53	55	57	63	72	74	78	80	82	89	92	96	
Delete: 51
2	3	4	6	14	15	19	20	21	24	27	30	33	34	36	41	42	43	44	45	47	49	52	53	55	57	63	72	74	78	80	82	89	92	96	
Delete: 21
2	3	4	6	14	15	19	20	24	27	30	33	34	36	41	42	43	44	45	47	49	52	53	55	57	63	72	74	78	80	82	89	92	96	
Delete: 41
2	3	4	6	14	15	19	20	24	27	30	33	34	36	42	43	44	45	47	49	52	53	55	57	63	72	74	78	80	82	89	92	96	
Delete: 2
3	4	6	14	15	19	20	24	27	30	33	34	36	42	43	44	45	47	49	52	53	55	57	63	72	74	78	80	82	89	92	96	
Delete: 53
3	4	6	14	15	19	20	24	27	30	33	34	36	42	43	44	45	47	49	52	55	57	63	72	74	78	80	82	89	92	96	
Delete: 47
3	4	6	14	15	19	20	24	27	30	33	34	36	42	43	44	45	49	52	55	57	63	72	74	78	80	82	89	92	96	
Delete: 45
3	4	6	14	15	19	20	24	27	30	33	34	36	42	43	44	49	52	55	57	63	72	74	78	80	82	89	92	96	
Delete: 63
3	4	6	14	15	19	20	24	27	30	33	34	36	42	43	44	49	52	55	57	72	74	78	80	82	89	92	96	
Delete: 82
3	4	6	14	15	19	20	24	27	30	33	34	36	42	43	44	49	52	55	57	72	74	78	80	89	92	96	
Delete: 78
3	4	6	14	15	19	20	24	27	30	33	34	36	42	43	44	49	52	55	57	72	74	80	89	92	96	
Delete: 44
3	4	6	14	15	19	20	24	27	30	33	34	36	42	43	49	52	55	57	72	74	80	89	92	96	
Delete: 24
3	4	6	14	15	19	20	27	30	33	34	36	42	43	49	52	55	57	72	74	80	89	92	96	
Delete: 30
3	4	6	14	15	19	20	27	33	34	36	42	43	49	52	55	57	72	74	80	89	92	96	
Delete: 80
3	4	6	14	15	19	20	27	33	34	36	42	43	49	52	55	57	72	74	89	92	96	
Delete: 33
3	4	6	14	15	19	20	27	34	36	42	43	49	52	55	57	72	74	89	92	96	
Delete: 89
3	4	6	14	15	19	20	27	34	36	42	43	49	52	55	57	72	74	92	96	
Delete: 14
3	4	6	15	19	20	27	34	36	42	43	49	52	55	57	72	74	92	96	
Delete: 42
3	4	6	15	19	20	27	34	36	43	49	52	55	57	72	74	92	96	
Delete: 6
3	4	15	19	20	27	34	36	43	49	52	55	57	72	74	92	96	
Delete: 49
3	4	15	19	20	27	34	36	43	52	55	57	72	74	92	96	
Delete: 92
3	4	15	19	20	27	34	36	43	52	55	57	72	74	96	
Delete: 55
3	4	15	19	20	27	34	36	43	52	57	72	74	96	
Delete: 72
3	4	15	19	20	27	34	36	43	52	57	74	96	
Delete: 36
3	4	15	19	20	27	34	43	52	57	74	96	
Delete: 19
3	4	15	20	27	34	43	52	57	74	96	
Delete: 15
3	4	20	27	34	43	52	57	74	96	
Delete: 96
3	4	20	27	34	43	52	57	74	
Delete: 3
4	20	27	34	43	52	57	74	
Delete: 20
4	27	34	43	52	57	74	
Delete: 57
4	27	34	43	52	74	
Delete: 27
4	34	43	52	74	
Delete: 34
4	43	52	74	
Delete: 74
4	43	52	
Delete: 52
4	43	
Delete: 43
4	
Delete: 4

Test case: 0 ok

Insert: 69  7  78  22  21  19  29  26  44  8  14  43  83  9  72  0  35  48  93  84  46  99  2  65  56  4  39  0	2	4	7	8	9	14	19	21	22	26	29	35	39	43	44	46	48	56	65	69	72	78	83	84	93	99	
Tree height: 6

Delete: 7
0	2	4	8	9	14	19	21	22	26	29	35	39	43	44	46	48	56	65	69	72	78	83	84	93	99	
Delete: 21
0	2	4	8	9	14	19	22	26	29	35	39	43	44	46	48	56	65	69	72	78	83	84	93	99	
Delete: 14
0	2	4	8	9	19	22	26	29	35	39	43	44	46	48	56	65	69	72	78	83	84	93	99	
Delete: 56
0	2	4	8	9	19	22	26	29	35	39	43	44	46	48	65	69	72	78	83	84	93	99	
Delete: 78
0	2	4	8	9	19	22	26	29	35	39	43	44	46	48	65	69	72	83	84	93	99	
Delete: 2
0	4	8	9	19	22	26	29	35	39	43	44	46	48	65	69	72	83	84	93	99	
Delete: 65
0	4	8	9	19	22	26	29	35	39	43	44	46	48	69	72	83	84	93	99	
Delete: 83
0	4	8	9	19	22	26	29	35	39	43	44	46	48	69	72	84	93	99	
Delete: 84
0	4	8	9	19	22	26	29	35	39	43	44	46	48	69	72	93	99	
Delete: 4
0	8	9	19	22	26	29	35	39	43	44	46	48	69	72	93	99	
Delete: 29
0	8	9	19	22	26	35	39	43	44	46	48	69	72	93	99	
Delete: 19
0	8	9	22	26	35	39	43	44	46	48	69	72	93	99	
Delete: 9
0	8	22	26	35	39	43	44	46	48	69	72	93	99	
Delete: 39
0	8	22	26	35	43	44	46	48	69	72	93	99	
Delete: 48
0	8	22	26	35	43	44	46	69	72	93	99	
Delete: 0
8	22	26	35	43	44	46	69	72	93	99	
Delete: 93
8	22	26	35	43	44	46	69	72	99	
Delete: 35
8	22	26	43	44	46	69	72	99	
Delete: 99
8	22	26	43	44	46	69	72	
Delete: 44
8	22	26	43	46	69	72	
Delete: 8
22	26	43	46	69	72	
Delete: 43
22	26	46	69	72	
Delete: 72
22	26	46	69	
Delete: 26
22	46	69	
Delete: 69
22	46	
Delete: 46
22	
Delete: 22

Test case: 1 ok

Insert: 11  28  93  98  90  21  50  22  61  15  77  19  24  81  36  88  69  70  67  41  3  6  83  72  97  58  78  49  44  48  47  79  99  35  13  86  71  87  1  26  66  91  95  40  4  37  80  7  63  16  65  25  45  29  85  18  8  57  92  39  34  94  56  1	3	4	6	7	8	11	13	15	16	18	19	21	22	24	25	26	28	29	34	35	36	37	39	40	41	44	45	47	48	49	50	56	57	58	61	63	65	66	67	69	70	71	72	77	78	79	80	81	83	85	86	87	88	90	91	92	93	94	95	97	98	99	
Tree height: 7

Delete: 24
1	3	4	6	7	8	11	13	15	16	18	19	21	22	25	26	28	29	34	35	36	37	39	40	41	44	45	47	48	49	50	56	57	58	61	63	65	66	67	69	70	71	72	77	78	79	80	81	83	85	86	87	88	90	91	92	93	94	95	97	98	99	
Delete: 97
1	3	4	6	7	8	11	13	15	16	18	19	21	22	25	26	28	29	34	35	36	37	39	40	41	44	45	47	48	49	50	56	57	58	61	63	65	66	67	69	70	71	72	77	78	79	80	81	83	85	86	87	88	90	91	92	93	94	95	98	99	
Delete: 56
1	3	4	6	7	8	11	13	15	16	18	19	21	22	25	26	28	29	34	35	36	37	39	40	41	44	45	47	48	49	50	57	58	61	63	65	66	67	69	70	71	72	77	78	79	80	81	83	85	86	87	88	90	91	92	93	94	95	98	99	
Delete: 37
1	3	4	6	7	8	11	13	15	16	18	19	21	22	25	26	28	29	34	35	36	39	40	41	44	45	47	48	49	50	57	58	61	63	65	66	67	69	70	71	72	77	78	79	80	81	83	85	86	87	88	90	91	92	93	94	95	98	99	
Delete: 44
1	3	4	6	7	8	11	13	15	16	18	19	21	22	25	26	28	29	34	35	36	39	40	41	45	47	48	49	50	57	58	61	63	65	66	67	69	70	71	72	77	78	79	80	81	83	85	86	87	88	90	91	92	93	94	95	98	99	
Delete: 78
1	3	4	6	7	8	11	13	15	16	18	19	21	22	25	26	28	29	34	35	36	39	40	41	45	47	48	49	50	57	58	61	63	65	66	67	69	70	71	72	77	79	80	81	83	85	86	87	88	90	91	92	93	94	95	98	99	
Delete: 95
1	3	4	6	7	8	11	13	15	16	18	19	21	22	25	26	28	29	34	35	36	39	40	41	45	47	48	49	50	57	58	61	63	65	66	67	69	70	71	72	77	79	80	81	83	85	86	87	88	90	91	92	93	94	98	99	
Delete: 41
1	3	4	6	7	8	11	13	15	16	18	19	21	22	25	26	28	29	34	35	36	39	40	45	47	48	49	50	57	58	61	63	65	66	67	69	70	71	72	77	79	80	81	83	85	86	87	88	90	91	92	93	94	98	99	
Delete: 21
1	3	4	6	7	8	11	13	15	16	18	19	22	25	26	28	29	34	35	36	39	40	45	47	48	49	50	57	58	61	63	65	66	67	69	70	71	72	77	79	80	81	83	85	86	87	88	90	91	92	93	94	98	99	
Delete: 71
1	3	4	6	7	8	11	13	15	16	18	19	22	25	26	28	29	34	35	36	39	40	45	47	48	49	50	57	58	61	63	65	66	67	69	70	72	77	79	80	81	83	85	86	87	88	90	91	92	93	94	98	99	
Delete: 26
1	3	4	6	7	8	11	13	15	16	18	19	22	25	28	29	34	35	36	39	40	45	47	48	49	50	57	58	61	63	65	66	67	69	70	72	77	79	80	81	83	85	86	87	88	90	91	92	93	94	98	99	
Delete: 70
1	3	4	6	7	8	11	13	15	16	18	19	22	25	28	29	34	35	36	39	40	45	47	48	49	50	57	58	61	63	65	66	67	69	72	77	79	80	81	83	85	86	87	88	90	91	92	93	94	98	99	
Delete: 15
1	3	4	6	7	8	11	13	16	18	19	22	25	28	29	34	35	36	39	40	45	47	48	49	50	57	58	61	63	65	66	67	69	72	77	79	80	81	83	85	86	87	88	90	91	92	93	94	98	99	
Delete: 3
1	4	6	7	8	11	13	16	18	19	22	25	28	29	34	35	36	39	40	45	47	48	49	50	57	58	61	63	65	66	67	69	72	77	79	80	81	83	85	86	87	88	90	91	92	93	94	98	99	
Delete: 65
1	4	6	7	8	11	13	16	18	19	22	25	28	29	34	35	36	39	40	45	47	48	49	50	57	58	61	63	66	67	69	72	77	79	80	81	83	85	86	87	88	90	91	92	93	94	98	99	
Delete: 29
1	4	6	7	8	11	13	16	18	19	22	25	28	34	35	36	39	40	45	47	48	49	50	57	58	61	63	66	67	69	72	77	79	80	81	83	85	86	87	88	90	91	92	93	94	98	99	
Delete: 94
1	4	6	7	8	11	13	16	18	19	22	25	28	34	35	36	39	40	45	47	48	49	50	57	58	61	63	66	67	69	72	77	79	80	81	83	85	86	87	88	90	91	92	93	98	99	
Delete: 40
1	4	6	7	8	11	13	16	18	19	22	25	28	34	35	36	39	45	47	48	49	50	57	58	61	63	66	67	69	72	77	79	80	81	83	85	86	87	88	90	91	92	93	98	99	
Delete: 61
1	4	6	7	8	11	13	16	18	19	22	25	28	34	35	36	39	45	47	48	49	50	57	58	63	66	67	69	72	77	79	80	81	83	85	86	87	88	90	91	92	93	98	99	
Delete: 28
1	4	6	7	8	11	13	16	18	19	22	25	34	35	36	39	45	47	48	49	50	57	58	63	66	67	69	72	77	79	80	81	83	85	86	87	88	90	91	92	93	98	99	
Delete: 72
1	4	6	7	8	11	13	16	18	19	22	25	34	35	36	39	45	47	48	49	50	57	58	63	66	67	69	77	79	80	81	83	85	86	87	88	90	91	92	93	98	99	
Delete: 25
1	4	6	7	8	11	13	16	18	19	22	34	35	36	39	45	47	48	49	50	57	58	63	66	67	69	77	79	80	81	83	85	86	87	88	90	91	92	93	98	99	
Delete: 88
1	4	6	7	8	11	13	16	18	19	22	34	35	36	39	45	47	48	49	50	57	58	63	66	67	69	77	79	80	81	83	85	86	87	90	91	92	93	98	99	
Delete: 7
1	4	6	8	11	13	16	18	19	22	34	35	36	39	45	47	48	49	50	57	58	63	66	67	69	77	79	80	81	83	85	86	87	90	91	92	93	98	99	
Delete: 63
1	4	6	8	11	13	16	18	19	22	34	35	36	39	45	47	48	49	50	57	58	66	67	69	77	79	80	81	83	85	86	87	90	91	92	93	98	99	
Delete: 34
1	4	6	8	11	13	16	18	19	22	35	36	39	45	47	48	49	50	57	58	66	67	69	77	79	80	81	83	85	86	87	90	91	92	93	98	99	
Delete: 77
1	4	6	8	11	13	16	18	19	22	35	36	39	45	47	48	49	50	57	58	66	67	69	79	80	81	83	85	86	87	90	91	92	93	98	99	
Delete: 57
1	4	6	8	11	13	16	18	19	22	35	36	39	45	47	48	49	50	58	66	67	69	79	80	81	83	85	86	87	90	91	92	93	98	99	
Delete: 81
1	4	6	8	11	13	16	18	19	22	35	36	39	45	47	48	49	50	58	66	67	69	79	80	83	85	86	87	90	91	92	93	98	99	
Delete: 66
1	4	6	8	11	13	16	18	19	22	35	36	39	45	47	48	49	50	58	67	69	79	80	83	85	86	87	90	91	92	93	98	99	
Delete: 98
1	4	6	8	11	13	16	18	19	22	35	36	39	45	47	48	49	50	58	67	69	79	80	83	85	86	87	90	91	92	93	99	
Delete: 49
1	4	6	8	11	13	16	18	19	22	35	36	39	45	47	48	50	58	67	69	79	80	83	85	86	87	90	91	92	93	99	
Delete: 50
1	4	6	8	11	13	16	18	19	22	35	36	39	45	47	48	58	67	69	79	80	83	85	86	87	90	91	92	93	99	
Delete: 8
1	4	6	11	13	16	18	19	22	35	36	39	45	47	48	58	67	69	79	80	83	85	86	87	90	91	92	93	99	
Delete: 58
1	4	6	11	13	16	18	19	22	35	36	39	45	47	48	67	69	79	80	83	85	86	87	90	91	92	93	99	
Delete: 13
1	4	6	11	16	18	19	22	35	36	39	45	47	48	67	69	79	80	83	85	86	87	90	91	92	93	99	
Delete: 92
1	4	6	11	16	18	19	22	35	36	39	45	47	48	67	69	79	80	83	85	86	87	90	91	93	99	
Delete: 35
1	4	6	11	16	18	19	22	36	39	45	47	48	67	69	79	80	83	85	86	87	90	91	93	99	
Delete: 1
4	6	11	16	18	19	22	36	39	45	47	48	67	69	79	80	83	85	86	87	90	91	93	99	
Delete: 48
4	6	11	16	18	19	22	36	39	45	47	67	69	79	80	83	85	86	87	90	91	93	99	
Delete: 45
4	6	11	16	18	19	22	36	39	47	67	69	79	80	83	85	86	87	90	91	93	99	
Delete: 19
4	6	11	16	18	22	36	39	47	67	69	79	80	83	85	86	87	90	91	93	99	
Delete: 16
4	6	11	18	22	36	39	47	67	69	79	80	83	85	86	87	90	91	93	99	
Delete: 83
4	6	11	18	22	36	39	47	67	69	79	80	85	86	87	90	91	93	99	
Delete: 4
6	11	18	22	36	39	47	67	69	79	80	85	86	87	90	91	93	99	
Delete: 18
6	11	22	36	39	47	67	69	79	80	85	86	87	90	91	93	99	
Delete: 69
6	11	22	36	39	47	67	79	80	85	86	87	90	91	93	99	
Delete: 80
6	11	22	36	39	47	67	79	85	86	87	90	91	93	99	
Delete: 79
6	11	22	36	39	47	67	85	86	87	90	91	93	99	
Delete: 86
6	11	22	36	39	47	67	85	87	90	91	93	99	
Delete: 39
6	11	22	36	47	67	85	87	90	91	93	99	
Delete: 6
11	22	36	47	67	85	87	90	91	93	99	
Delete: 36
11	22	47	67	85	87	90	91	93	99	
Delete: 67
11	22	47	85	87	90	91	93	99	
Delete: 90
11	22	47	85	87	91	93	99	
Delete: 99
11	22	47	85	87	91	93	
Delete: 22
11	47	85	87	91	93	
Delete: 91
11	47	85	87	93	
Delete: 93
11	47	85	87	
Delete: 11
47	85	87	
Delete: 85
47	87	
Delete: 47
87	
Delete: 87

Test case: 2 ok

Insert: 4  99  92  62  47  25  3  12  64  68  16  24  32  82  59  65  35  83  41  22  55  69  70  89  78  94  45  77  9  63  84  95  88  30  50  58  80  93  74  87  14  79  60  66  49  76  34  67  7  13  28  18  31  27  26  1  48  91  20  1	3	4	7	9	12	13	14	16	18	20	22	24	25	26	27	28	30	31	32	34	35	41	45	47	48	49	50	55	58	59	60	62	63	64	65	66	67	68	69	70	74	76	77	78	79	80	82	83	84	87	88	89	91	92	93	94	95	99	
Tree height: 7

Delete: 50
1	3	4	7	9	12	13	14	16	18	20	22	24	25	26	27	28	30	31	32	34	35	41	45	47	48	49	55	58	59	60	62	63	64	65	66	67	68	69	70	74	76	77	78	79	80	82	83	84	87	88	89	91	92	93	94	95	99	
Delete: 64
1	3	4	7	9	12	13	14	16	18	20	22	24	25	26	27	28	30	31	32	34	35	41	45	47	48	49	55	58	59	60	62	63	65	66	67	68	69	70	74	76	77	78	79	80	82	83	84	87	88	89	91	92	93	94	95	99	
Delete: 79
1	3	4	7	9	12	13	14	16	18	20	22	24	25	26	27	28	30	31	32	34	35	41	45	47	48	49	55	58	59	60	62	63	65	66	67	68	69	70	74	76	77	78	80	82	83	84	87	88	89	91	92	93	94	95	99	
Delete: 94
1	3	4	7	9	12	13	14	16	18	20	22	24	25	26	27	28	30	31	32	34	35	41	45	47	48	49	55	58	59	60	62	63	65	66	67	68	69	70	74	76	77	78	80	82	83	84	87	88	89	91	92	93	95	99	
Delete: 35
1	3	4	7	9	12	13	14	16	18	20	22	24	25	26	27	28	30	31	32	34	41	45	47	48	49	55	58	59	60	62	63	65	66	67	68	69	70	74	76	77	78	80	82	83	84	87	88	89	91	92	93	95	99	
Delete: 45
1	3	4	7	9	12	13	14	16	18	20	22	24	25	26	27	28	30	31	32	34	41	47	48	49	55	58	59	60	62	63	65	66	67	68	69	70	74	76	77	78	80	82	83	84	87	88	89	91	92	93	95	99	
Delete: 93
1	3	4	7	9	12	13	14	16	18	20	22	24	25	26	27	28	30	31	32	34	41	47	48	49	55	58	59	60	62	63	65	66	67	68	69	70	74	76	77	78	80	82	83	84	87	88	89	91	92	95	99	
Delete: 89
1	3	4	7	9	12	13	14	16	18	20	22	24	25	26	27	28	30	31	32	34	41	47	48	49	55	58	59	60	62	63	65	66	67	68	69	70	74	76	77	78	80	82	83	84	87	88	91	92	95	99	
Delete: 83
1	3	4	7	9	12	13	14	16	18	20	22	24	25	26	27	28	30	31	32	34	41	47	48	49	55	58	59	60	62	63	65	66	67	68	69	70	74	76	77	78	80	82	84	87	88	91	92	95	99	
Delete: 69
1	3	4	7	9	12	13	14	16	18	20	22	24	25	26	27	28	30	31	32	34	41	47	48	49	55	58	59	60	62	63	65	66	67	68	70	74	76	77	78	80	82	84	87	88	91	92	95	99	
Delete: 18
1	3	4	7	9	12	13	14	16	20	22	24	25	26	27	28	30	31	32	34	41	47	48	49	55	58	59	60	62	63	65	66	67	68	70	74	76	77	78	80	82	84	87	88	91	92	95	99	
Delete: 78
1	3	4	7	9	12	13	14	16	20	22	24	25	26	27	28	30	31	32	34	41	47	48	49	55	58	59	60	62	63	65	66	67	68	70	74	76	77	80	82	84	87	88	91	92	95	99	
Delete: 16
1	3	4	7	9	12	13	14	20	22	24	25	26	27	28	30	31	32	34	41	47	48	49	55	58	59	60	62	63	65	66	67	68	70	74	76	77	80	82	84	87	88	91	92	95	99	
Delete: 7
1	3	4	9	12	13	14	20	22	24	25	26	27	28	30	31	32	34	41	47	48	49	55	58	59	60	62	63	65	66	67	68	70	74	76	77	80	82	84	87	88	91	92	95	99	
Delete: 84
1	3	4	9	12	13	14	20	22	24	25	26	27	28	30	31	32	34	41	47	48	49	55	58	59	60	62	63	65	66	67	68	70	74	76	77	80	82	87	88	91	92	95	99	
Delete: 80
1	3	4	9	12	13	14	20	22	24	25	26	27	28	30	31	32	34	41	47	48	49	55	58	59	60	62	63	65	66	67	68	70	74	76	77	82	87	88	91	92	95	99	
Delete: 47
1	3	4	9	12	13	14	20	22	24	25	26	27	28	30	31	32	34	41	48	49	55	58	59	60	62	63	65	66	67	68	70	74	76	77	82	87	88	91	92	95	99	
Delete: 28
1	3	4	9	12	13	14	20	22	24	25	26	27	30	31	32	34	41	48	49	55	58	59	60	62	63	65	66	67	68	70	74	76	77	82	87	88	91	92	95	99	
Delete: 13
1	3	4	9	12	14	20	22	24	25	26	27	30	31	32	34	41	48	49	55	58	59	60	62	63	65	66	67	68	70	74	76	77	82	87	88	91	92	95	99	
Delete: 26
1	3	4	9	12	14	20	22	24	25	27	30	31	32	34	41	48	49	55	58	59	60	62	63	65	66	67	68	70	74	76	77	82	87	88	91	92	95	99	
Delete: 87
1	3	4	9	12	14	20	22	24	25	27	30	31	32	34	41	48	49	55	58	59	60	62	63	65	66	67	68	70	74	76	77	82	88	91	92	95	99	
Delete: 24
1	3	4	9	12	14	20	22	25	27	30	31	32	34	41	48	49	55	58	59	60	62	63	65	66	67	68	70	74	76	77	82	88	91	92	95	99	
Delete: 41
1	3	4	9	12	14	20	22	25	27	30	31	32	34	48	49	55	58	59	60	62	63	65	66	67	68	70	74	76	77	82	88	91	92	95	99	
Delete: 76
1	3	4	9	12	14	20	22	25	27	30	31	32	34	48	49	55	58	59	60	62	63	65	66	67	68	70	74	77	82	88	91	92	95	99	
Delete: 66
1	3	4	9	12	14	20	22	25	27	30	31	32	34	48	49	55	58	59	60	62	63	65	67	68	70	74	77	82	88	91	92	95	99	
Delete: 3
1	4	9	12	14	20	22	25	27	30	31	32	34	48	49	55	58	59	60	62	63	65	67	68	70	74	77	82	88	91	92	95	99	
Delete: 67
1	4	9	12	14	20	22	25	27	30	31	32	34	48	49	55	58	59	60	62	63	65	68	70	74	77	82	88	91	92	95	99	
Delete: 68
1	4	9	12	14	20	22	25	27	30	31	32	34	48	49	55	58	59	60	62	63	65	70	74	77	82	88	91	92	95	99	
Delete: 59
1	4	9	12	14	20	22	25	27	30	31	32	34	48	49	55	58	60	62	63	65	70	74	77	82	88	91	92	95	99	
Delete: 88
1	4	9	12	14	20	22	25	27	30	31	32	34	48	49	55	58	60	62	63	65	70	74	77	82	91	92	95	99	
Delete: 58
1	4	9	12	14	20	22	25	27	30	31	32	34	48	49	55	60	62	63	65	70	74	77	82	91	92	95	99	
Delete: 91
1	4	9	12	14	20	22	25	27	30	31	32	34	48	49	55	60	62	63	65	70	74	77	82	92	95	99	
Delete: 30
1	4	9	12	14	20	22	25	27	31	32	34	48	49	55	60	62	63	65	70	74	77	82	92	95	99	
Delete: 25
1	4	9	12	14	20	22	27	31	32	34	48	49	55	60	62	63	65	70	74	77	82	92	95	99	
Delete: 32
1	4	9	12	14	20	22	27	31	34	48	49	55	60	62	63	65	70	74	77	82	92	95	99	
Delete: 62
1	4	9	12	14	20	22	27	31	34	48	49	55	60	63	65	70	74	77	82	92	95	99	
Delete: 55
1	4	9	12	14	20	22	27	31	34	48	49	60	63	65	70	74	77	82	92	95	99	
Delete: 63
1	4	9	12	14	20	22	27	31	34	48	49	60	65	70	74	77	82	92	95	99	
Delete: 9
1	4	12	14	20	22	27	31	34	48	49	60	65	70	74	77	82	92	95	99	
Delete: 27
1	4	12	14	20	22	31	34	48	49	60	65	70	74	77	82	92	95	99	
Delete: 65
1	4	12	14	20	22	31	34	48	49	60	70	74	77	82	92	95	99	
Delete: 99
1	4	12	14	20	22	31	34	48	49	60	70	74	77	82	92	95	
Delete: 48
1	4	12	14	20	22	31	34	49	60	70	74	77	82	92	95	
Delete: 82
1	4	12	14	20	22	31	34	49	60	70	74	77	92	95	
Delete: 70
1	4	12	14	20	22	31	34	49	60	74	77	92	95	
Delete: 1
4	12	14	20	22	31	34	49	60	74	77	92	95	
Delete: 74
4	12	14	20	22	31	34	49	60	77	92	95	
Delete: 20
4	12	14	22	31	34	49	60	77	92	95	
Delete: 49
4	12	14	22	31	34	60	77	92	95	
Delete: 92
4	12	14	22	31	34	60	77	95	
Delete: 31
4	12	14	22	34	60	77	95	
Delete: 60
4	12	14	22	34	77	95	
Delete: 14
4	12	22	34	77	95	
Delete: 12
4	22	34	77	95	
Delete: 22
4	34	77	95	
Delete: 4
34	77	95	
Delete: 34
77	95	
Delete: 77
95	
Delete: 95

Test case: 3 ok

Insert: 36  56  4  24  65  46  77  8  40  86  80  92  44  62  15  29  94  22  42  0  95  45  66  31  74  7  41  88  25  78  51  64  83  2  72  0	2	4	7	8	15	22	24	25	29	31	36	40	41	42	44	45	46	51	56	62	64	65	66	72	74	77	78	80	83	86	88	92	94	95	
Tree height: 6

Delete: 4
0	2	7	8	15	22	24	25	29	31	36	40	41	42	44	45	46	51	56	62	64	65	66	72	74	77	78	80	83	86	88	92	94	95	
Delete: 95
0	2	7	8	15	22	24	25	29	31	36	40	41	42	44	45	46	51	56	62	64	65	66	72	74	77	78	80	83	86	88	92	94	
Delete: 83
0	2	7	8	15	22	24	25	29	31	36	40	41	42	44	45	46	51	56	62	64	65	66	72	74	77	78	80	86	88	92	94	
Delete: 65
0	2	7	8	15	22	24	25	29	31	36	40	41	42	44	45	46	51	56	62	64	66	72	74	77	78	80	86	88	92	94	
Delete: 40
0	2	7	8	15	22	24	25	29	31	36	41	42	44	45	46	51	56	62	64	66	72	74	77	78	80	86	88	92	94	
Delete: 36
0	2	7	8	15	22	24	25	29	31	41	42	44	45	46	51	56	62	64	66	72	74	77	78	80	86	88	92	94	
Delete: 77
0	2	7	8	15	22	24	25	29	31	41	42	44	45	46	51	56	62	64	66	72	74	78	80	86	88	92	94	
Delete: 42
0	2	7	8	15	22	24	25	29	31	41	44	45	46	51	56	62	64	66	72	74	78	80	86	88	92	94	
Delete: 8
0	2	7	15	22	24	25	29	31	41	44	45	46	51	56	62	64	66	72	74	78	80	86	88	92	94	
Delete: 7
0	2	15	22	24	25	29	31	41	44	45	46	51	56	62	64	66	72	74	78	80	86	88	92	94	
Delete: 44
0	2	15	22	24	25	29	31	41	45	46	51	56	62	64	66	72	74	78	80	86	88	92	94	
Delete: 46
0	2	15	22	24	25	29	31	41	45	51	56	62	64	66	72	74	78	80	86	88	92	94	
Delete: 94
0	2	15	22	24	25	29	31	41	45	51	56	62	64	66	72	74	78	80	86	88	92	
Delete: 62
0	2	15	22	24	25	29	31	41	45	51	56	64	66	72	74	78	80	86	88	92	
Delete: 29
0	2	15	22	24	25	31	41	45	51	56	64	66	72	74	78	80	86	88	92	
Delete: 25
0	2	15	22	24	31	41	45	51	56	64	66	72	74	78	80	86	88	92	
Delete: 72
0	2	15	22	24	31	41	45	51	56	64	66	74	78	80	86	88	92	
Delete: 24
0	2	15	22	31	41	45	51	56	64	66	74	78	80	86	88	92	
Delete: 56
0	2	15	22	31	41	45	51	64	66	74	78	80	86	88	92	
Delete: 88
0	2	15	22	31	41	45	51	64	66	74	78	80	86	92	
Delete: 66
0	2	15	22	31	41	45	51	64	74	78	80	86	92	
Delete: 15
0	2	22	31	41	45	51	64	74	78	80	86	92	
Delete: 51
0	2	22	31	41	45	64	74	78	80	86	92	
Delete: 92
0	2	22	31	41	45	64	74	78	80	86	
Delete: 78
0	2	22	31	41	45	64	74	80	86	
Delete: 2
0	22	31	41	45	64	74	80	86	
Delete: 80
0	22	31	41	45	64	74	86	
Delete: 64
0	22	31	41	45	74	86	
Delete: 41
0	22	31	45	74	86	
Delete: 22
0	31	45	74	86	
Delete: 74
0	31	45	86	
Delete: 0
31	45	86	
Delete: 31
45	86	
Delete: 86
45	
Delete: 45

Test case: 4 ok
