
initial elements: 0	1	2	3	4	5	6	7	8	9	10	11	12	13	14	15	16	17	18	19	20	21	22	23	24	25	26	27	28	29	30	31	32	33	34	35	36	37	38	39	40	41	42	43	44	45	46	47	48	49	50	51	52	53	54	55	56	57	58	59	60	61	62	63	64	65	66	67	68	69	70	71	72	73	74	75	76	77	78	79	80	81	82	83	84	85	86	87	88	89	90	91	92	93	94	95	96	97	98	99	
0	1	2	3	4	5	6	7	8	9	10	11	12	13	14	15	16	17	18	19	20	21	22	23	24	25	26	27	28	29	30	31	32	33	34	35	36	37	38	39	40	41	42	43	44	45	46	47	48	49	50	51	52	53	54	55	56	57	58	59	60	61	62	63	64	65	66	67	68	69	70	71	72	73	74	75	76	77	78	79	80	81	82	83	84	85	86	87	88	89	90	91	92	93	94	95	96	97	98	99	
Searching item: 61 Ok.
Searching item: 145 Ok.
Searching item: 161 Ok.
Searching item: 103 Ok.
Searching item: 176 Ok.
Searching item: 142 Ok.
Searching item: 177 Ok.
Searching item: 60 Ok.
Searching item: 115 Ok.
Searching item: 132 Ok.
Searching item: 56 Ok.
Searching item: 182 Ok.
Searching item: 84 Ok.
Searching item: 70 Ok.
Searching item: 178 Ok.
Searching item: 110 Ok.
Searching item: 88 Ok.
Searching item: 155 Ok.
Searching item: 99 Ok.
Searching item: 118 Ok.

Deleted: 12
current elements: 
0	1	2	3	4	5	6	7	8	9	10	11	13	14	15	16	17	18	19	20	21	22	23	24	25	26	27	28	29	30	31	32	33	34	35	36	37	38	39	40	41	42	43	44	45	46	47	48	49	50	51	52	53	54	55	56	57	58	59	60	61	62	63	64	65	66	67	68	69	70	71	72	73	74	75	76	77	78	79	80	81	82	83	84	85	86	87	88	89	90	91	92	93	94	95	96	97	98	99	
-----------------------------------------------------------------------
0	1	2	3	4	5	6	7	8	9	10	11	13	14	15	16	17	18	19	20	21	22	23	24	25	26	27	28	29	30	31	32	33	34	35	36	37	38	39	40	41	42	43	44	45	46	47	48	49	50	51	52	53	54	55	56	57	58	59	60	61	62	63	64	65	66	67	68	69	70	71	72	73	74	75	76	77	78	79	80	81	82	83	84	85	86	87	88	89	90	91	92	93	94	95	96	97	98	99	

Deleted: 35
current elements: 
0	1	2	3	4	5	6	7	8	9	10	11	13	14	15	16	17	18	19	20	21	22	23	24	25	26	27	28	29	30	31	32	33	34	36	37	38	39	40	41	42	43	44	45	46	47	48	49	50	51	52	53	54	55	56	57	58	59	60	61	62	63	64	65	66	67	68	69	70	71	72	73	74	75	76	77	78	79	80	81	82	83	84	85	86	87	88	89	90	91	92	93	94	95	96	97	98	99	
-----------------------------------------------------------------------
0	1	2	3	4	5	6	7	8	9	10	11	13	14	15	16	17	18	19	20	21	22	23	24	25	26	27	28	29	30	31	32	33	34	36	37	38	39	40	41	42	43	44	45	46	47	48	49	50	51	52	53	54	55	56	57	58	59	60	61	62	63	64	65	66	67	68	69	70	71	72	73	74	75	76	77	78	79	80	81	82	83	84	85	86	87	88	89	90	91	92	93	94	95	96	97	98	99	

Deleted: 94
current elements: 
0	1	2	3	4	5	6	7	8	9	10	11	13	14	15	16	17	18	19	20	21	22	23	24	25	26	27	28	29	30	31	32	33	34	36	37	38	39	40	41	42	43	44	45	46	47	48	49	50	51	52	53	54	55	56	57	58	59	60	61	62	63	64	65	66	67	68	69	70	71	72	73	74	75	76	77	78	79	80	81	82	83	84	85	86	87	88	89	90	91	92	93	95	96	97	98	99	
-----------------------------------------------------------------------
0	1	2	3	4	5	6	7	8	9	10	11	13	14	15	16	17	18	19	20	21	22	23	24	25	26	27	28	29	30	31	32	33	34	36	37	38	39	40	41	42	43	44	45	46	47	48	49	50	51	52	53	54	55	56	57	58	59	60	61	62	63	64	65	66	67	68	69	70	71	72	73	74	75	76	77	78	79	80	81	82	83	84	85	86	87	88	89	90	91	92	93	95	96	97	98	99	

Deleted: 11
current elements: 
0	1	2	3	4	5	6	7	8	9	10	13	14	15	16	17	18	19	20	21	22	23	24	25	26	27	28	29	30	31	32	33	34	36	37	38	39	40	41	42	43	44	45	46	47	48	49	50	51	52	53	54	55	56	57	58	59	60	61	62	63	64	65	66	67	68	69	70	71	72	73	74	75	76	77	78	79	80	81	82	83	84	85	86	87	88	89	90	91	92	93	95	96	97	98	99	
-----------------------------------------------------------------------
0	1	2	3	4	5	6	7	8	9	10	13	14	15	16	17	18	19	20	21	22	23	24	25	26	27	28	29	30	31	32	33	34	36	37	38	39	40	41	42	43	44	45	46	47	48	49	50	51	52	53	54	55	56	57	58	59	60	61	62	63	64	65	66	67	68	69	70	71	72	73	74	75	76	77	78	79	80	81	82	83	84	85	86	87	88	89	90	91	92	93	95	96	97	98	99	

Deleted: 86
current elements: 
0	1	2	3	4	5	6	7	8	9	10	13	14	15	16	17	18	19	20	21	22	23	24	25	26	27	28	29	30	31	32	33	34	36	37	38	39	40	41	42	43	44	45	46	47	48	49	50	51	52	53	54	55	56	57	58	59	60	61	62	63	64	65	66	67	68	69	70	71	72	73	74	75	76	77	78	79	80	81	82	83	84	85	87	88	89	90	91	92	93	95	96	97	98	99	
-----------------------------------------------------------------------
0	1	2	3	4	5	6	7	8	9	10	13	14	15	16	17	18	19	20	21	22	23	24	25	26	27	28	29	30	31	32	33	34	36	37	38	39	40	41	42	43	44	45	46	47	48	49	50	51	52	53	54	55	56	57	58	59	60	61	62	63	64	65	66	67	68	69	70	71	72	73	74	75	76	77	78	79	80	81	82	83	84	85	87	88	89	90	91	92	93	95	96	97	98	99	

Deleted: 61
current elements: 
0	1	2	3	4	5	6	7	8	9	10	13	14	15	16	17	18	19	20	21	22	23	24	25	26	27	28	29	30	31	32	33	34	36	37	38	39	40	41	42	43	44	45	46	47	48	49	50	51	52	53	54	55	56	57	58	59	60	62	63	64	65	66	67	68	69	70	71	72	73	74	75	76	77	78	79	80	81	82	83	84	85	87	88	89	90	91	92	93	95	96	97	98	99	
-----------------------------------------------------------------------
0	1	2	3	4	5	6	7	8	9	10	13	14	15	16	17	18	19	20	21	22	23	24	25	26	27	28	29	30	31	32	33	34	36	37	38	39	40	41	42	43	44	45	46	47	48	49	50	51	52	53	54	55	56	57	58	59	60	62	63	64	65	66	67	68	69	70	71	72	73	74	75	76	77	78	79	80	81	82	83	84	85	87	88	89	90	91	92	93	95	96	97	98	99	

Deleted: 18
current elements: 
0	1	2	3	4	5	6	7	8	9	10	13	14	15	16	17	19	20	21	22	23	24	25	26	27	28	29	30	31	32	33	34	36	37	38	39	40	41	42	43	44	45	46	47	48	49	50	51	52	53	54	55	56	57	58	59	60	62	63	64	65	66	67	68	69	70	71	72	73	74	75	76	77	78	79	80	81	82	83	84	85	87	88	89	90	91	92	93	95	96	97	98	99	
-----------------------------------------------------------------------
0	1	2	3	4	5	6	7	8	9	10	13	14	15	16	17	19	20	21	22	23	24	25	26	27	28	29	30	31	32	33	34	36	37	38	39	40	41	42	43	44	45	46	47	48	49	50	51	52	53	54	55	56	57	58	59	60	62	63	64	65	66	67	68	69	70	71	72	73	74	75	76	77	78	79	80	81	82	83	84	85	87	88	89	90	91	92	93	95	96	97	98	99	

Deleted: 38
current elements: 
0	1	2	3	4	5	6	7	8	9	10	13	14	15	16	17	19	20	21	22	23	24	25	26	27	28	29	30	31	32	33	34	36	37	39	40	41	42	43	44	45	46	47	48	49	50	51	52	53	54	55	56	57	58	59	60	62	63	64	65	66	67	68	69	70	71	72	73	74	75	76	77	78	79	80	81	82	83	84	85	87	88	89	90	91	92	93	95	96	97	98	99	
-----------------------------------------------------------------------
0	1	2	3	4	5	6	7	8	9	10	13	14	15	16	17	19	20	21	22	23	24	25	26	27	28	29	30	31	32	33	34	36	37	39	40	41	42	43	44	45	46	47	48	49	50	51	52	53	54	55	56	57	58	59	60	62	63	64	65	66	67	68	69	70	71	72	73	74	75	76	77	78	79	80	81	82	83	84	85	87	88	89	90	91	92	93	95	96	97	98	99	

Deleted: 64
current elements: 
0	1	2	3	4	5	6	7	8	9	10	13	14	15	16	17	19	20	21	22	23	24	25	26	27	28	29	30	31	32	33	34	36	37	39	40	41	42	43	44	45	46	47	48	49	50	51	52	53	54	55	56	57	58	59	60	62	63	65	66	67	68	69	70	71	72	73	74	75	76	77	78	79	80	81	82	83	84	85	87	88	89	90	91	92	93	95	96	97	98	99	
-----------------------------------------------------------------------
0	1	2	3	4	5	6	7	8	9	10	13	14	15	16	17	19	20	21	22	23	24	25	26	27	28	29	30	31	32	33	34	36	37	39	40	41	42	43	44	45	46	47	48	49	50	51	52	53	54	55	56	57	58	59	60	62	63	65	66	67	68	69	70	71	72	73	74	75	76	77	78	79	80	81	82	83	84	85	87	88	89	90	91	92	93	95	96	97	98	99	

Deleted: 81
current elements: 
0	1	2	3	4	5	6	7	8	9	10	13	14	15	16	17	19	20	21	22	23	24	25	26	27	28	29	30	31	32	33	34	36	37	39	40	41	42	43	44	45	46	47	48	49	50	51	52	53	54	55	56	57	58	59	60	62	63	65	66	67	68	69	70	71	72	73	74	75	76	77	78	79	80	82	83	84	85	87	88	89	90	91	92	93	95	96	97	98	99	
-----------------------------------------------------------------------
0	1	2	3	4	5	6	7	8	9	10	13	14	15	16	17	19	20	21	22	23	24	25	26	27	28	29	30	31	32	33	34	36	37	39	40	41	42	43	44	45	46	47	48	49	50	51	52	53	54	55	56	57	58	59	60	62	63	65	66	67	68	69	70	71	72	73	74	75	76	77	78	79	80	82	83	84	85	87	88	89	90	91	92	93	95	96	97	98	99	

Deleted: 57
current elements: 
0	1	2	3	4	5	6	7	8	9	10	13	14	15	16	17	19	20	21	22	23	24	25	26	27	28	29	30	31	32	33	34	36	37	39	40	41	42	43	44	45	46	47	48	49	50	51	52	53	54	55	56	58	59	60	62	63	65	66	67	68	69	70	71	72	73	74	75	76	77	78	79	80	82	83	84	85	87	88	89	90	91	92	93	95	96	97	98	99	
-----------------------------------------------------------------------
0	1	2	3	4	5	6	7	8	9	10	13	14	15	16	17	19	20	21	22	23	24	25	26	27	28	29	30	31	32	33	34	36	37	39	40	41	42	43	44	45	46	47	48	49	50	51	52	53	54	55	56	58	59	60	62	63	65	66	67	68	69	70	71	72	73	74	75	76	77	78	79	80	82	83	84	85	87	88	89	90	91	92	93	95	96	97	98	99	

Deleted: 79
current elements: 
0	1	2	3	4	5	6	7	8	9	10	13	14	15	16	17	19	20	21	22	23	24	25	26	27	28	29	30	31	32	33	34	36	37	39	40	41	42	43	44	45	46	47	48	49	50	51	52	53	54	55	56	58	59	60	62	63	65	66	67	68	69	70	71	72	73	74	75	76	77	78	80	82	83	84	85	87	88	89	90	91	92	93	95	96	97	98	99	
-----------------------------------------------------------------------
0	1	2	3	4	5	6	7	8	9	10	13	14	15	16	17	19	20	21	22	23	24	25	26	27	28	29	30	31	32	33	34	36	37	39	40	41	42	43	44	45	46	47	48	49	50	51	52	53	54	55	56	58	59	60	62	63	65	66	67	68	69	70	71	72	73	74	75	76	77	78	80	82	83	84	85	87	88	89	90	91	92	93	95	96	97	98	99	

Deleted: 49
current elements: 
0	1	2	3	4	5	6	7	8	9	10	13	14	15	16	17	19	20	21	22	23	24	25	26	27	28	29	30	31	32	33	34	36	37	39	40	41	42	43	44	45	46	47	48	50	51	52	53	54	55	56	58	59	60	62	63	65	66	67	68	69	70	71	72	73	74	75	76	77	78	80	82	83	84	85	87	88	89	90	91	92	93	95	96	97	98	99	
-----------------------------------------------------------------------
0	1	2	3	4	5	6	7	8	9	10	13	14	15	16	17	19	20	21	22	23	24	25	26	27	28	29	30	31	32	33	34	36	37	39	40	41	42	43	44	45	46	47	48	50	51	52	53	54	55	56	58	59	60	62	63	65	66	67	68	69	70	71	72	73	74	75	76	77	78	80	82	83	84	85	87	88	89	90	91	92	93	95	96	97	98	99	

Deleted: 23
current elements: 
0	1	2	3	4	5	6	7	8	9	10	13	14	15	16	17	19	20	21	22	24	25	26	27	28	29	30	31	32	33	34	36	37	39	40	41	42	43	44	45	46	47	48	50	51	52	53	54	55	56	58	59	60	62	63	65	66	67	68	69	70	71	72	73	74	75	76	77	78	80	82	83	84	85	87	88	89	90	91	92	93	95	96	97	98	99	
-----------------------------------------------------------------------
0	1	2	3	4	5	6	7	8	9	10	13	14	15	16	17	19	20	21	22	24	25	26	27	28	29	30	31	32	33	34	36	37	39	40	41	42	43	44	45	46	47	48	50	51	52	53	54	55	56	58	59	60	62	63	65	66	67	68	69	70	71	72	73	74	75	76	77	78	80	82	83	84	85	87	88	89	90	91	92	93	95	96	97	98	99	

Deleted: 84
current elements: 
0	1	2	3	4	5	6	7	8	9	10	13	14	15	16	17	19	20	21	22	24	25	26	27	28	29	30	31	32	33	34	36	37	39	40	41	42	43	44	45	46	47	48	50	51	52	53	54	55	56	58	59	60	62	63	65	66	67	68	69	70	71	72	73	74	75	76	77	78	80	82	83	85	87	88	89	90	91	92	93	95	96	97	98	99	
-----------------------------------------------------------------------
0	1	2	3	4	5	6	7	8	9	10	13	14	15	16	17	19	20	21	22	24	25	26	27	28	29	30	31	32	33	34	36	37	39	40	41	42	43	44	45	46	47	48	50	51	52	53	54	55	56	58	59	60	62	63	65	66	67	68	69	70	71	72	73	74	75	76	77	78	80	82	83	85	87	88	89	90	91	92	93	95	96	97	98	99	

Deleted: 9
current elements: 
0	1	2	3	4	5	6	7	8	10	13	14	15	16	17	19	20	21	22	24	25	26	27	28	29	30	31	32	33	34	36	37	39	40	41	42	43	44	45	46	47	48	50	51	52	53	54	55	56	58	59	60	62	63	65	66	67	68	69	70	71	72	73	74	75	76	77	78	80	82	83	85	87	88	89	90	91	92	93	95	96	97	98	99	
-----------------------------------------------------------------------
0	1	2	3	4	5	6	7	8	10	13	14	15	16	17	19	20	21	22	24	25	26	27	28	29	30	31	32	33	34	36	37	39	40	41	42	43	44	45	46	47	48	50	51	52	53	54	55	56	58	59	60	62	63	65	66	67	68	69	70	71	72	73	74	75	76	77	78	80	82	83	85	87	88	89	90	91	92	93	95	96	97	98	99	

Deleted: 43
current elements: 
0	1	2	3	4	5	6	7	8	10	13	14	15	16	17	19	20	21	22	24	25	26	27	28	29	30	31	32	33	34	36	37	39	40	41	42	44	45	46	47	48	50	51	52	53	54	55	56	58	59	60	62	63	65	66	67	68	69	70	71	72	73	74	75	76	77	78	80	82	83	85	87	88	89	90	91	92	93	95	96	97	98	99	
-----------------------------------------------------------------------
0	1	2	3	4	5	6	7	8	10	13	14	15	16	17	19	20	21	22	24	25	26	27	28	29	30	31	32	33	34	36	37	39	40	41	42	44	45	46	47	48	50	51	52	53	54	55	56	58	59	60	62	63	65	66	67	68	69	70	71	72	73	74	75	76	77	78	80	82	83	85	87	88	89	90	91	92	93	95	96	97	98	99	

Deleted: 47
current elements: 
0	1	2	3	4	5	6	7	8	10	13	14	15	16	17	19	20	21	22	24	25	26	27	28	29	30	31	32	33	34	36	37	39	40	41	42	44	45	46	48	50	51	52	53	54	55	56	58	59	60	62	63	65	66	67	68	69	70	71	72	73	74	75	76	77	78	80	82	83	85	87	88	89	90	91	92	93	95	96	97	98	99	
-----------------------------------------------------------------------
0	1	2	3	4	5	6	7	8	10	13	14	15	16	17	19	20	21	22	24	25	26	27	28	29	30	31	32	33	34	36	37	39	40	41	42	44	45	46	48	50	51	52	53	54	55	56	58	59	60	62	63	65	66	67	68	69	70	71	72	73	74	75	76	77	78	80	82	83	85	87	88	89	90	91	92	93	95	96	97	98	99	

Deleted: 52
current elements: 
0	1	2	3	4	5	6	7	8	10	13	14	15	16	17	19	20	21	22	24	25	26	27	28	29	30	31	32	33	34	36	37	39	40	41	42	44	45	46	48	50	51	53	54	55	56	58	59	60	62	63	65	66	67	68	69	70	71	72	73	74	75	76	77	78	80	82	83	85	87	88	89	90	91	92	93	95	96	97	98	99	
-----------------------------------------------------------------------
0	1	2	3	4	5	6	7	8	10	13	14	15	16	17	19	20	21	22	24	25	26	27	28	29	30	31	32	33	34	36	37	39	40	41	42	44	45	46	48	50	51	53	54	55	56	58	59	60	62	63	65	66	67	68	69	70	71	72	73	74	75	76	77	78	80	82	83	85	87	88	89	90	91	92	93	95	96	97	98	99	

Deleted: 34
current elements: 
0	1	2	3	4	5	6	7	8	10	13	14	15	16	17	19	20	21	22	24	25	26	27	28	29	30	31	32	33	36	37	39	40	41	42	44	45	46	48	50	51	53	54	55	56	58	59	60	62	63	65	66	67	68	69	70	71	72	73	74	75	76	77	78	80	82	83	85	87	88	89	90	91	92	93	95	96	97	98	99	
-----------------------------------------------------------------------
0	1	2	3	4	5	6	7	8	10	13	14	15	16	17	19	20	21	22	24	25	26	27	28	29	30	31	32	33	36	37	39	40	41	42	44	45	46	48	50	51	53	54	55	56	58	59	60	62	63	65	66	67	68	69	70	71	72	73	74	75	76	77	78	80	82	83	85	87	88	89	90	91	92	93	95	96	97	98	99	

Test case: 0 Ok
